1,if.end205,2538,31
2,if.else211,2551,31
3,if.then214,2552,27
4,if.else215,2554,22
5,if.end230,2567,25
6,while.end262,2594,24
7,if.then264,2595,24
8,if.end265,2597,33
9,if.then267,2598,33
10,for.body,2605,37
11,for.body15,5233,40
12,if.end216,6450,25
13,if.end222,6460,27
14,if.end232,6471,27
15,if.then236,6474,27
16,if.else239,6478,27
17,if.end242,6481,27
18,if.end245,6487,24
19,if.then254,6502,27
20,if.else259,6510,27
21,if.then269,6521,27
22,if.else274,6529,27
23,for.body,6554,27
24,lor.lhs.false,6566,26
25,if.then7,6574,26
26,if.end45,6600,28
27,if.then,7702,31
28,if.then3,7705,30
29,if.else,7708,37
30,if.then7,7711,32
31,if.then11,7714,32
32,if.else14,7718,32
33,if.end16,7722,30
34,if.end19,7728,14
35,sw.bb36,7747,30
36,if.then61,7776,30
37,if.end87,7794,27
38,for.body,7805,29
39,if.then112,7808,30
40,if.else115,7811,37
41,if.then120,7814,30
42,if.then124,7817,30
43,if.else127,7821,30
44,if.end130,7825,30
45,if.end133,7831,14
46,sw.bb162,7855,30
47,if.then191,7883,30
48,if.end224,7904,27
49,if.then,7947,28
50,if.end,7953,29
51,if.then5,7960,28
52,if.then9,7963,28
53,if.else12,7967,28
54,if.end13,7968,30
55,if.end16,7973,30
56,if.end19,7977,27
57,sw.bb26,7990,30
58,if.then53,8018,30
59,if.then70,8029,32
60,if.end80,8038,25
61,if.then83,8039,23
62,sw.bb,7210,37
63,if.end,7214,39
64,for.body,7231,37
65,if.end29,7247,37
66,for.body50,7265,37
67,if.end79,7285,37
68,if.then278,8300,35
69,if.else283,8305,35
70,if.then293,8313,35
71,if.else298,8318,35
72,if.end21,7336,29
73,for.body,3919,34
74,if.end16,3930,34
75,if.end17,5025,31
76,if.end118,5097,31
77,if.then123,5100,34
78,sw.bb,5112,34
79,sw.bb141,5120,34
80,sw.bb150,5128,34
81,sw.bb159,5140,34
82,if.end40,877,12
83,if.end46,880,15
84,for.body65,890,15
85,if.then70,893,15
86,if.end72,901,31
87,for.body102,920,15
88,for.body128,934,9
89,sw.bb,940,10
90,if.then148,951,10
91,if.else154,965,10
92,sw.bb161,977,10
93,sw.bb167,991,7
94,for.end184,1014,15
95,if.end77,1087,31
96,if.then95,1093,35
97,sw.bb,1110,35
98,sw.bb120,1118,35
99,sw.bb126,1126,35
100,sw.bb132,1138,35
101,for.body,2839,32
102,for.body9,2846,36
103,for.inc,2845,36
104,if.then12,2848,36
105,lor.lhs.false,3949,40
106,if.end27,3969,38
107,for.body56,3978,43
108,for.end63,3979,43
109,if.then79,3986,38
110,lor.lhs.false,4011,40
111,for.body,4024,38
112,if.then46,4045,43
113,if.then61,4059,38
114,if.then76,4073,42
115,if.then88,4077,38
116,if.then102,4086,38
117,lor.lhs.false,4111,40
118,for.body,4124,38
119,if.then61,4149,43
120,if.then87,4166,38
121,if.then103,4183,42
122,if.then113,4187,38
123,if.then127,4196,38
124,lor.lhs.false,4221,40
125,for.body,4234,38
126,if.then69,4258,43
127,if.then91,4278,38
128,while.body,4295,43
129,if.then118,4305,38
130,if.then136,4320,38
131,lor.lhs.false,4346,40
132,for.body,4360,38
133,if.then75,4391,43
134,if.then105,4415,38
135,while.body,4428,43
136,if.then130,4436,38
137,if.then148,4451,38
138,for.body6,2646,40
139,if.else,2656,40
140,lor.lhs.false,2870,41
141,if.then30,2902,14
142,if.end62,2922,14
143,for.body68,2924,18
144,lor.lhs.false,3353,41
145,if.end50,3398,14
146,if.then65,3402,17
147,if.then73,3407,43
148,while.body,3419,29
149,lor.lhs.false,3441,41
150,if.end50,3485,14
151,if.then56,3488,17
152,if.else62,3490,17
153,if.else95,3501,37
154,while.body,3515,41
155,lor.lhs.false,3538,39
156,if.end49,3589,14
157,if.then53,3592,17
158,if.else66,3594,17
159,if.else98,3608,33
160,while.body,3624,38
161,lor.lhs.false,3650,39
162,if.end49,3697,2
163,if.then54,3701,1
164,if.else67,3706,3
165,if.else106,3723,24
166,while.body,3741,29
167,lor.lhs.false,4473,41
168,if.end24,4492,39
169,for.body53,4505,44
170,for.end60,4506,44
171,if.then74,4512,39
172,lor.lhs.false,4537,41
173,for.body,4549,39
174,if.then46,4570,44
175,if.then61,4584,39
176,if.then76,4598,43
177,if.then88,4602,39
178,if.then102,4611,39
179,lor.lhs.false,4637,41
180,for.body,4649,39
181,if.then61,4673,44
182,if.then87,4690,39
183,if.then103,4707,43
184,if.then113,4711,39
185,if.then127,4720,39
186,lor.lhs.false,4746,41
187,for.body,4758,39
188,if.then69,4782,44
189,if.then91,4802,39
190,while.body,4819,44
191,if.then118,4829,39
192,if.then136,4844,39
193,lor.lhs.false,4871,41
194,for.body,4884,39
195,if.then75,4916,44
196,if.then105,4940,39
197,while.body,4953,44
198,if.then130,4961,39
199,if.then148,4976,39
200,if.end,9374,30
201,for.body,9379,33
202,for.body36,9395,30
203,for.body77,9421,30
204,sw.bb83,9426,33
205,if.end87,9431,33
206,sw.bb89,9433,33
207,if.end93,9438,33
208,sw.bb95,9442,33
209,if.end99,9447,33
210,sw.epilog,8738,30
211,if.end40,8743,26
212,if.then48,8750,28
213,for.body60,8757,33
214,for.body69,8761,33
215,for.body81,8769,28
216,if.then94,8777,31
217,if.then97,8779,33
218,if.end99,8784,31
219,if.then102,8786,33
220,sw.bb104,8790,31
221,if.then107,8792,33
222,sw.bb109,8798,31
223,if.then112,8800,33
224,sw.default114,8804,33
225,if.end120,8810,26
226,for.body130,8818,28
227,for.body147,8825,32
228,for.end153,8826,32
229,for.body165,8834,28
230,if.then177,8842,31
231,if.then180,8845,33
232,if.end182,8850,31
233,if.then185,8853,33
234,sw.bb187,8857,31
235,if.then190,8860,33
236,sw.bb192,8866,31
237,if.then195,8869,33
238,sw.default197,8873,33
239,if.end203,8879,26
240,for.body217,8895,28
241,for.body233,8902,32
242,for.end239,8903,32
243,for.body252,8911,28
244,if.then264,8919,31
245,if.then267,8922,33
246,if.end269,8927,31
247,if.then272,8930,33
248,sw.bb274,8934,31
249,if.then277,8937,33
250,sw.bb279,8943,31
251,if.then282,8946,33
252,sw.default284,8950,33
253,if.end290,8956,26
254,lor.lhs.false,9307,38
255,for.body,9326,37
256,for.body41,9337,39
257,for.end56,9341,39
258,lor.lhs.false,9054,40
259,if.end,9060,40
260,if.end28,9080,35
261,if.then34,9083,38
262,if.else40,9085,38
263,if.else61,9095,44
264,if.then79,9107,43
265,lor.lhs.false,9129,40
266,if.end,9135,40
267,if.end27,9155,35
268,if.then31,9158,38
269,if.else44,9160,38
270,if.else66,9170,44
271,while.body,9186,44
272,lor.lhs.false,9215,40
273,if.end,9221,40
274,if.end27,9249,35
275,if.then32,9253,38
276,if.else45,9258,38
277,if.else73,9271,44
278,while.body,9289,44
279,lor.lhs.false,8988,40
280,if.end,8994,40
281,if.end28,9014,35
282,if.else45,9022,44
283,if.then54,9031,43
284,lor.lhs.false,8344,40
285,sw.bb,8373,35
286,sw.bb38,8375,35
287,sw.epilog,8380,40
288,if.then56,8386,42
289,if.then71,8400,41
290,lor.lhs.false,8421,40
291,sw.bb,8449,35
292,sw.bb38,8451,35
293,if.then50,8458,40
294,if.else56,8460,40
295,if.then71,8467,42
296,if.then96,8484,41
297,lor.lhs.false,8505,40
298,sw.bb,8533,35
299,sw.bb37,8535,35
300,if.then47,8542,40
301,if.else60,8544,40
302,if.then79,8550,42
303,while.body,8571,42
304,lor.lhs.false,8598,40
305,sw.bb,8633,35
306,sw.bb37,8635,35
307,if.then48,8643,40
308,if.else61,8648,40
309,if.else89,8662,42
310,while.body,8680,42
311,for.body,7065,33
312,if.then49,7105,33
313,if.then58,7124,33
314,for.body70,7149,33
315,if.end74,1348,39
316,if.end47,1425,39
317,for.body62,1430,43
318,cond.end,1173,40
319,if.end,1181,40
320,cond.end,1242,39
321,if.end74,1259,39
322,for.body,3859,47
323,sw.bb,3867,50
324,if.then48,3873,50
325,if.else53,3879,50
326,sw.bb59,3883,50
327,sw.bb64,3889,50
328,if.end50,2989,53
329,if.then62,2996,68
330,while.body,3008,68
331,if.end50,3074,53
332,if.then56,3078,56
333,if.else62,3080,56
334,if.else83,3090,79
335,while.body,3103,80
336,if.end49,3170,53
337,if.then53,3174,56
338,if.then57,3176,56
339,if.then64,3178,56
340,if.then72,3180,56
341,if.else77,3184,56
342,if.then82,3186,56
343,if.then90,3188,56
344,if.then98,3190,56
345,if.else112,3201,76
346,while.body,3217,78
347,if.end49,3289,53
348,if.then54,3293,56
349,if.else67,3298,56
350,if.then91,3308,83
351,while.body,3331,85
352,for.body,3782,46
353,sw.bb,3790,49
354,if.then46,3796,49
355,if.else51,3802,49
356,sw.bb57,3806,49
357,sw.bb62,3812,49
358,if.end15,6644,12
359,for.body,6657,34
360,for.body72,6690,9
361,sw.bb81,6696,10
362,if.then89,6707,10
363,if.else95,6719,10
364,sw.bb102,6729,10
365,sw.bb108,6741,7
366,for.body147,6771,9
367,sw.bb157,6778,10
368,if.then167,6789,10
369,if.else173,6801,10
370,sw.bb180,6811,10
371,sw.bb186,6823,7
372,if.end9,9488,34
373,sw.bb,9497,36
374,for.body20,9501,41
375,sw.bb24,9505,36
376,for.body32,9509,41
377,for.body51,9519,38
378,if.end15,6895,11
379,for.body,6914,9
380,sw.bb,6921,10
381,if.then64,6932,10
382,if.else70,6944,10
383,sw.bb77,6954,10
384,sw.bb83,6966,7
